param N = 5;

param travel_time
    :   0   1   2   3   4   :=
    0   0   47  32  70  80
    1   47  0   47  18  11
    2   32  47  0   64  37
    3   70  18  64  0   19
    4   80  11  37  19  0
;

# param distances
#     :   1   2   3   4   5   :=
#     1   0   2.1 1.4 3.2 1.7
#     2   2.1 0   2.2 0.8 0.5
#     3   1.4 2.2 0   2.9 1.7
#     4   3.2 0.8 2.9 0   0.8
#     5   1.7 0.5 1.7 0.8 0
# ;